5.0 0.00012986585
65.0 0.0048961475
105.0 0.0016842215
185.0 0.006114903
245.0 0.004786049
255.0 0.0073571944
265.0 0.0014529149
275.0 0.0030017418
295.0 0.0016162959
305.0 0.043009877
315.0 0.0059220998
335.0 0.0017552307
525.0 0.00031923158
605.0 0.0016916573
725.0 0.00023229928
735.0 0.00034390572
775.0 0.0013979906
905.0 0.0046367051
965.0 0.00049786303
975.0 0.0094435976
985.0 0.0010488274
1035.0 0.0068383969
1045.0 0.00092481303
1145.0 0.00068129831
1205.0 0.010596616
1215.0 0.57054808
1225.0 0.0050967663
1255.0 0.002450693
1265.0 0.0032253356
1285.0 0.0016249655
1295.0 0.0019712045
1305.0 0.015090397
1315.0 0.0026324661
1435.0 0.0053705668
1455.0 0.0056585058
1575.0 0.017596043
1595.0 0.017056182
1685.0 0.045740401
1745.0 0.090691776
1805.0 0.19235115
1815.0 0.22821977
1845.0 0.207019
1855.0 0.23547969
1865.0 0.27003088
1875.0 0.31216514
1925.0 0.44500036
1935.0 0.34282089
1945.0 0.56239483
1955.0 0.55159763
1965.0 0.61960865
1975.0 0.62816309
1985.0 0.62977096
1995.0 0.648066
2005.0 0.73775721
2025.0 0.8257833
2035.0 0.92814841
2045.0 1.0251463
2055.0 1.0572233
2065.0 1.1032728
2075.0 1.2669723
2085.0 1.4997605
2105.0 2.8589961
2115.0 3.4590227
2125.0 3.2477899
2135.0 3.244571
2145.0 4.1777378
2155.0 3.6333892
2165.0 3.3133448
2175.0 3.4695296
2185.0 4.6168093
2195.0 4.8702502
2205.0 4.8786945
2215.0 3.8345354
2225.0 5.1272686
2235.0 6.5319878
2245.0 6.061673
2255.0 5.2906407
2265.0 3.9217001
2275.0 3.9067968
2285.0 5.3000475
2295.0 4.7871978
2305.0 5.4210496
2315.0 5.0162908
2325.0 5.3108256
2335.0 4.4493509
2345.0 3.8095745
2355.0 5.3432876
2365.0 4.7333486
2375.0 5.0813699
2385.0 3.9993649
2395.0 4.4268024
2405.0 4.0538427
2415.0 5.0420948
2425.0 7.1810506
2435.0 6.7006126
2445.0 6.2067458
2455.0 5.016996
2465.0 5.0443049
2475.0 5.616566
2485.0 4.6000174
2495.0 5.6343577
2505.0 6.0376106
2515.0 4.7171122
2525.0 4.2178999
2535.0 5.2514947
2545.0 5.9882616
2565.0 10.193175
2575.0 12.581283
2585.0 12.983262
2595.0 10.919807
2605.0 8.8694873
2615.0 9.0308476
2625.0 10.828836
2635.0 16.363867
2645.0 25.549095
2655.0 26.171406
2665.0 25.77245
2675.0 25.992753
2685.0 25.375478
2695.0 24.354753
2705.0 28.045303
2715.0 23.657543
2725.0 19.887107
2735.0 20.736985
2745.0 13.616876
2755.0 18.214994
2765.0 25.352746
2775.0 24.572542
2785.0 16.623737
2795.0 8.7022313
2805.0 9.6979324
2815.0 21.346745
2825.0 30.348955
2835.0 32.947873
2845.0 25.334502
2855.0 15.863873
2865.0 33.253957
2875.0 36.236933
2885.0 32.8604
2895.0 48.118164
2905.0 62.320989
2915.0 59.688405
2925.0 53.034787
2935.0 55.600394
2945.0 52.251327
2955.0 56.76298
2965.0 52.656664
2975.0 53.640402
2985.0 46.189637
2995.0 50.446981
3005.0 42.057611
3015.0 48.626071
3025.0 50.33099
3035.0 64.656397
3045.0 61.876244
3055.0 62.266408
3065.0 58.416239
3075.0 65.185345
3085.0 64.612517
3095.0 52.043
3105.0 64.33475
3115.0 76.16623
3125.0 68.089776
3135.0 72.792291
3145.0 68.55716
3155.0 66.654267
3165.0 64.748821
3175.0 82.365272
3185.0 67.931276
3195.0 73.154861
3205.0 84.387503
3215.0 70.995253
3225.0 71.260857
3235.0 68.132838
3245.0 79.304537
3255.0 90.261162
3265.0 101.52784
3275.0 98.427812
3285.0 93.645025
3295.0 110.3217
3305.0 104.68656
3315.0 100.43346
3325.0 98.576455
3335.0 94.851707
3345.0 100.38667
3355.0 99.482119
3365.0 83.074576
3375.0 87.931709
3385.0 94.752954
3395.0 99.354921
3405.0 105.5942
3415.0 96.317096
3425.0 103.71037
3435.0 101.24529
3445.0 80.16935
3455.0 99.115814
3465.0 95.349093
3475.0 93.911712
3485.0 95.814037
3495.0 90.615956
3505.0 110.55994
3515.0 100.89605
3525.0 92.201566
3535.0 107.56174
3545.0 114.55673
3555.0 108.02575
3565.0 95.252219
3575.0 84.089454
3585.0 69.004922
3595.0 104.72732
3605.0 100.42115
3615.0 91.363776
3625.0 105.0773
3635.0 100.10823
3645.0 104.97037
3655.0 120.03721
3665.0 128.14656
3675.0 122.63937
3685.0 111.99399
3695.0 127.77662
3705.0 118.38616
3715.0 126.31314
3725.0 105.37158
3735.0 92.241966
3745.0 95.90218
3755.0 109.70271
3765.0 110.33256
3775.0 130.94738
3785.0 138.01809
3795.0 109.34347
3805.0 123.76783
3815.0 113.3896
3825.0 80.84597
3835.0 71.103338
3845.0 99.304116
3855.0 103.52945
3865.0 103.11439
3875.0 100.86749
3885.0 98.826607
3895.0 120.96081
3905.0 125.10867
3915.0 138.5456
3925.0 103.81746
3935.0 55.505462
3945.0 105.35021
3955.0 133.08323
3965.0 83.274416
3975.0 92.924694
3985.0 152.53222
3995.0 166.87788
4005.0 168.3424
4015.0 176.5024
4025.0 179.84464
4035.0 169.52574
4045.0 167.58966
4055.0 170.18163
4065.0 160.84428
4075.0 162.45046
4085.0 176.77395
4095.0 175.49871
4105.0 156.767
4115.0 182.2017
4125.0 180.23852
4135.0 175.12917
4145.0 178.35761
4155.0 178.30929
4165.0 184.35051
4175.0 167.67864
4185.0 174.55715
4205.0 178.07196
4215.0 174.94657
4225.0 165.84101
4235.0 176.74942
4245.0 182.94281
4255.0 176.15265
4265.0 175.8193
4275.0 163.44745
4285.0 164.84429
4295.0 153.19388
4305.0 123.26039
4315.0 151.47967
4325.0 169.37444
4335.0 182.31675
4345.0 154.40774
4355.0 172.75394
4365.0 193.90007
4375.0 171.99613
4385.0 168.24895
4395.0 187.35472
4405.0 177.1583
4415.0 193.93902
4425.0 202.9205
4435.0 195.75462
4445.0 201.70407
4455.0 186.7216
4465.0 190.04416
4475.0 205.57272
4485.0 201.87356
4495.0 203.52175
4505.0 215.32633
4515.0 214.60113
4525.0 203.78534
4535.0 195.01611
4545.0 207.98984
4555.0 205.73832
4565.0 213.5512
4575.0 215.57113
4585.0 202.61743
4595.0 209.35287
4605.0 206.89933
4615.0 211.52808
4625.0 213.43931
4635.0 206.35976
4645.0 210.12469
4655.0 202.70525
4665.0 204.01063
4675.0 205.65122
4685.0 201.16867
4695.0 206.91469
4705.0 195.43705
4715.0 204.32061
4725.0 209.37119
4735.0 205.55537
4745.0 211.55021
4755.0 210.98817
4765.0 203.21016
4775.0 212.06929
4785.0 209.95561
4795.0 210.68967
4815.0 211.49317
4825.0 210.50403
4835.0 207.15032
4845.0 203.16663
4855.0 190.84877
4865.0 165.39935
4875.0 189.33985
4885.0 199.76508
4895.0 196.44071
4905.0 209.22358
4915.0 197.30513
4925.0 187.93705
4935.0 198.36583
4945.0 204.13969
4955.0 200.37314
4965.0 202.65354
4975.0 206.68362
4985.0 196.79783
5005.0 185.85953
5015.0 188.42435
5025.0 187.38313
5035.0 197.40561
5045.0 193.1292
5055.0 198.05207
5065.0 199.92402
5075.0 186.58372
5095.0 193.90267
5105.0 189.9301
5115.0 199.21703
5125.0 189.17808
5135.0 185.93411
5155.0 189.72225
5165.0 177.67184
5175.0 161.51105
5185.0 168.96069
5195.0 183.73316
5215.0 186.87403
5225.0 184.9668
5235.0 183.82639
5245.0 192.796
5265.0 177.41335
5275.0 173.77902
5285.0 192.04325
5305.0 192.02101
5315.0 195.06924
5325.0 184.21637
5345.0 186.62898
5355.0 195.67543
5365.0 189.57381
5385.0 190.02068
5395.0 185.73771
5405.0 181.55175
5425.0 189.76334
5435.0 186.79193
5455.0 189.94109
5465.0 191.61291
5475.0 189.2045
5495.0 187.92982
5505.0 189.17232
5525.0 188.07857
5535.0 189.64196
5555.0 190.63832
5565.0 184.61555
5585.0 180.56408
5595.0 181.65492
5615.0 181.66441
5625.0 186.39503
5645.0 183.96241
5665.0 179.0665
5675.0 183.3059
5695.0 182.73015
5705.0 178.68947
5725.0 184.02582
5745.0 187.04273
5755.0 182.08233
5775.0 182.0894
5795.0 182.05472
5805.0 182.08998
5825.0 184.59134
5845.0 184.0969
5855.0 179.07442
5875.0 181.10368
5895.0 171.60774
5915.0 178.50283
5925.0 179.78478
5945.0 178.59676
5965.0 177.13779
5985.0 177.40069
6005.0 174.41503
6025.0 171.57272
6035.0 175.93474
6055.0 176.04053
6075.0 176.0059
6095.0 173.72444
6115.0 172.68318
6135.0 169.98503
6155.0 169.79263
6175.0 164.40475
6195.0 170.19539
6215.0 170.24103
6235.0 167.47338
6255.0 162.9487
6275.0 168.77144
6295.0 168.1798
6315.0 164.81251
6335.0 164.5203
6365.0 163.98963
6385.0 165.63611
6405.0 162.55202
6425.0 160.66014
6445.0 161.5922
6475.0 160.12633
6495.0 158.05303
6515.0 160.36079
6535.0 158.1477
6565.0 138.79148
6585.0 151.67146
6605.0 154.95171
6635.0 154.11202
6655.0 152.65257
6685.0 153.66453
6705.0 154.52681
6725.0 154.27043
6755.0 153.16394
6775.0 152.08614
6805.0 149.31713
6835.0 149.47924
6855.0 149.20413
6885.0 149.52854
6905.0 147.5009
6935.0 145.83297
6965.0 147.33203
6985.0 141.36583
7015.0 143.77921
7045.0 145.33224
7075.0 144.30979
7095.0 141.85075
7125.0 139.3246
7155.0 137.25094
7185.0 136.8958
7215.0 135.99289
7245.0 135.75303
7275.0 134.19346
7305.0 132.8101
7335.0 133.25853
7365.0 131.99011
7395.0 129.45474
7425.0 128.83172
7455.0 129.48152
7485.0 128.94627
7515.0 127.6894
7545.0 127.93499
7585.0 126.39196
7615.0 124.22557
7645.0 124.05333
7675.0 121.61333
7715.0 120.9239
7745.0 120.16169
7775.0 119.25447
7815.0 118.43751
7845.0 116.69864
7885.0 117.19981
7915.0 114.84818
7955.0 113.98812
7985.0 112.34412
8025.0 112.99742
8065.0 112.35231
8095.0 111.35834
8135.0 112.10598
8175.0 109.61126
8205.0 107.34594
8245.0 107.9322
8285.0 107.68004
8325.0 105.39592
8365.0 104.55582
8405.0 104.39018
8435.0 101.75569
8475.0 102.23428
8515.0 96.443718
8555.0 90.893073
8595.0 98.564794
8645.0 99.578963
8685.0 94.057093
8725.0 100.02751
8765.0 96.244331
8805.0 95.411694
8845.0 93.98127
8895.0 94.199084
8935.0 92.11558
8975.0 90.619948
9025.0 88.532648
9065.0 90.424925
9105.0 87.820789
9155.0 88.661766
9195.0 86.658053
9245.0 83.862753
9285.0 85.536149
9335.0 85.086606
9385.0 84.093981
9425.0 81.460603
9475.0 82.540972
9525.0 80.670162
9575.0 80.026228
9625.0 79.379912
9665.0 78.523016
9715.0 78.059254
9765.0 76.84369
9815.0 76.606474
9855.0 75.72993
9905.0 74.768932
9955.0 74.627088
10005.0 73.685354
10055.0 71.062071
10105.0 72.021655
10155.0 70.992872
10205.0 69.809351
10255.0 69.999167
10305.0 68.98098
10355.0 67.677831
10405.0 67.328109
10455.0 66.471466
10505.0 66.291957
10555.0 65.311111
10615.0 64.423908
10665.0 63.742132
10715.0 62.63945
10765.0 62.581869
10815.0 61.450601
10875.0 60.881899
10925.0 59.475978
10975.0 60.375345
11025.0 59.188507
11085.0 58.800966
11135.0 57.984806
11185.0 57.385523
11245.0 56.554407
11295.0 55.910603
11345.0 55.476398
11405.0 54.353571
11455.0 54.634922
11505.0 54.132693
11565.0 53.764148
11615.0 52.328136
11675.0 52.035252
11725.0 51.862734
11785.0 51.407178
11835.0 50.598672
11885.0 50.218637
11945.0 50.203991
11995.0 49.764994
12055.0 48.697059
12105.0 47.838526
12165.0 48.374406
12215.0 47.793135
12275.0 47.077632
12325.0 46.661654
12385.0 46.250741
12435.0 45.680616
12495.0 45.476078
12545.0 44.92435
12605.0 44.724288
12655.0 44.191701
12715.0 44.121749
12765.0 43.646186
12825.0 40.930773
12875.0 42.629616
12935.0 42.525227
12985.0 42.079256
13045.0 41.662801
13095.0 41.087897
13155.0 40.437875
13205.0 40.535383
13265.0 40.077782
13315.0 39.621936
13375.0 39.335033
13425.0 39.170656
13485.0 38.730173
13535.0 38.344207
13595.0 37.988834
13645.0 37.617451
13705.0 37.176594
13755.0 36.950896
13815.0 36.758244
13865.0 36.54379
13915.0 36.25169
13975.0 35.807065
14025.0 35.406867
14085.0 35.340214
14135.0 34.702998
14195.0 34.619341
14245.0 33.935012
14295.0 33.804452
14355.0 33.932452
14405.0 33.101863
14465.0 33.16758
14515.0 32.743283
14565.0 32.548149
14625.0 32.285158
14675.0 32.040133
14735.0 31.359777
14785.0 31.385546
14835.0 31.277512
14895.0 30.381863
14945.0 30.847187
14995.0 30.13865
15045.0 29.180571
15105.0 29.923126
15155.0 29.606431
15205.0 29.316142
15265.0 29.227211
15315.0 28.642901
15365.0 28.549566
15415.0 28.177987
15475.0 28.01504
15525.0 27.688979
15575.0 27.434795
15625.0 27.49507
15675.0 27.016495
15735.0 26.683886
15785.0 26.130425
15835.0 26.242075
15885.0 25.085518
15935.0 26.02381
15985.0 25.383973
16015.0 25.669117
16165.0 24.586164
16325.0 24.171241
16475.0 23.190522
16635.0 23.013337
16785.0 21.670233
16935.0 21.657256
17085.0 20.928871
17235.0 20.432779
17385.0 19.352225
17535.0 19.323672
17685.0 18.682628
17835.0 18.10694
17975.0 17.356228
18125.0 16.99866
18265.0 16.714838
18405.0 16.371721
18545.0 15.990946
18695.0 15.097259
18835.0 15.113984
18965.0 14.636509
19105.0 14.399675
19245.0 14.013609
19385.0 13.451097
19515.0 13.161052
19655.0 13.040129
19785.0 12.578247
19915.0 12.308123
19928.0 12.308043
20008.0 12.125254
20012.0 12.113996
20034.0 12.072726
20050.0 12.032161
20078.0 11.976526
20136.0 11.849179
20220.0 11.676939
20240.0 11.637445
20302.0 11.505334
20556.001 10.998274
20692.000000000004 10.739742999999995
20830.0 10.48148
20962.000000000004 10.245728999999995
21006.001 10.166539
21013.999 10.152703
21032.000000000004 10.079157000000036
21033.999 10.098574
21036.001 10.107066
21052.000000000004 10.08794499999999
21123.999 9.961012
21132.000000000004 9.947636799999993
21183.999 9.8463441
21190.0 9.8394502
21198.0 9.7803432
21203.999 9.8103893
21213.999 9.7932004
21216.001 9.7724762
21230.0 9.7810914
21238.0 9.7682703
21252.000000000004 9.743561199999997
21263.999 9.679953
21266.001 9.6294375
21270.0 9.6579089
21272.000000000004 9.68403840000004
21276.001 9.7048685
21296.001 9.6616544
21308.0 9.6464921
21312.000000000004 9.646426899999994
21362.000000000004 9.557824799999995
21373.999 9.5370093
21448.0 9.4210493
21453.999 9.4092242
21460.0 9.4024146
21506.001 9.3249064
21518.0 9.2920011
21543.999 9.2573953
21572.000000000004 9.203457299999993
21592.000000000004 9.155847099999988
21610.0 9.1012239
21622.000000000004 9.042925699999973
21636.001 8.9303605
21646.001 8.7512426
21652.000000000004 8.50000789999951
21658.0 7.9029365
21660.0 7.5715554
21662.000000000004 7.6559991000000585
21663.999 7.6883258
21666.001 8.0812594
21670.0 8.4920281
21672.000000000004 8.614830000000094
21682.000000000004 8.80548600000004
21690.0 8.8797061
21703.999 8.9236691
21716.001 8.9409478
21738.0 8.9314141
21796.001 8.8743453
21873.999 8.7665561
21928.0 8.6882628
21946.001 8.6561556
21950.0 8.5690031
21952.000000000004 8.645649600000004
21953.999 8.6467262
21978.0 8.6191219
22018.0 8.5589967
22052.000000000004 8.515387399999964
22058.0 8.4092726
22066.001 8.2231525
22068.0 8.4601672
22070.0 8.4764176
22083.999 8.4523478
22086.001 8.3178981
22093.999 8.4140134
22100.0 8.4445253
22142.000000000004 8.389219099999995
22163.999 8.3544568
22358.0 8.0955109
22533.999 7.8688817
22718.0 7.6354054
22762.000000000004 7.583146399999997
22826.001 7.5202403
22848.0 7.4924878
22858.0 7.4772795
22893.999 7.4375669
22916.001 7.3954548
22922.000000000004 7.403077699999996
22926.001 7.3981098
22938.0 7.2592217
22942.000000000004 7.250572800000033
22943.999 7.2689151
22946.001 7.2912998
22950.0 7.3073768
22952.000000000004 7.3087549999999375
22960.0 7.3125113
22968.0 7.3066816
22970.0 7.3040058
22972.000000000004 7.301715199999994
22978.0 7.3036106
22988.0 7.3009256
22996.001 7.231071
22998.0 7.2858891
23010.0 7.2790074
23020.0 7.2706278
23062.000000000004 7.221625500000008
23073.999 7.2069344
23103.999 7.1741012
23132.000000000004 7.145774000000012
23176.001 7.1057714
23206.001 7.0627307
23212.000000000004 7.065473299999999
23218.0 7.0547655
23222.000000000004 7.044102199999894
23230.0 6.7755911
23232.000000000004 6.871764800000037
23240.0 6.8608997
23242.000000000004 6.914111700000045
23256.001 6.9204447
23260.0 6.9707538
23266.001 6.9510034
23276.001 6.9347469
23288.0 6.9409188
23292.000000000004 6.93327200000003
23320.0 6.9107031
23323.999 6.9105772
23342.000000000004 6.893237100000013
23348.0 6.8940551
23350.0 6.8571012
23352.000000000004 6.715472100000192
23353.999 6.8206615
23360.0 6.8547477
23362.000000000004 6.865018900000033
23366.001 6.8899781
23378.0 6.8247385
23382.000000000004 6.801359199999844
23386.001 6.7741109
23398.0 6.8441128
23413.999 6.8339668
23432.000000000004 6.81005800000001
23450.0 6.7889233
23460.0 6.7718196
23492.000000000004 6.753818000000003
23506.001 6.7382912
23516.001 6.7263042
23528.0 6.5373272
23532.000000000004 6.4940096000001875
23536.001 6.5677294
23542.000000000004 6.60069910000004
23543.999 6.6226534
23552.000000000004 6.6107569999999845
23566.001 6.6171222
23568.0 6.6224754
23580.0 6.6096297
23592.000000000004 6.5847641000000525
23593.999 6.6133767
23603.999 6.6141264
23620.0 6.607544
23626.001 6.5900834
23628.0 6.5831365
23633.999 6.579147
23663.999 6.5710129
23666.001 6.566345
23678.0 6.554454
23686.001 6.5494093
23690.0 6.5361739
23693.999 6.5407688
23696.001 6.5338135
23710.0 6.5214804
23733.999 6.4996566
23736.001 6.3857849
23738.0 6.275714
23740.0 6.125056
23742.000000000004 6.091096400000354
23743.999 6.2862195
23746.001 5.9799588
23748.0 6.2855335
23750.0 6.2989585
23756.001 6.4855617
23758.0 6.4843208
23766.001 6.4797205
23778.0 6.4398621
23782.000000000004 6.462017399999988
23803.999 6.4389375
23813.999 6.416598
23818.0 6.4112145
23822.000000000004 6.248798299999667
23826.001 5.8488897
23828.0 5.9760038
23832.000000000004 5.7795585000002445
23833.999 5.9134192
23836.001 6.1102402
23840.0 6.2485992
23842.000000000004 6.273249599999922
23852.000000000004 6.2966782999999955
23860.0 6.2961592
23870.0 6.3296346
23890.0 6.3148882
23908.0 6.2989179
23910.0 6.2980101
23916.001 6.185459
23918.0 6.0466492
23920.0 6.0681273
23922.000000000004 5.746744900000183
23923.999 5.847007
23926.001 5.7362543
23932.000000000004 6.159166900000129
23933.999 6.2296829
23938.0 6.2704422
23950.0 6.2489955
23956.001 6.2599953
23983.999 6.243352
23988.0 6.2565418
24020.0 6.1905566
24026.001 6.1312337
24028.0 6.0481632
24030.0 5.7800649
24032.000000000004 5.733444199999552
24033.999 5.4868858
24036.001 5.6415693
24038.0 5.6522211
24046.001 6.1292374
24052.000000000004 6.174284700000009
24056.001 6.1604614
24073.999 6.162417
24088.0 6.1560322
24090.0 6.1582169
24106.001 6.1314109
24130.0 6.1007901
24138.0 6.04711
24140.0 5.9708176
24143.999 5.937633
24146.001 5.8563669
24152.000000000004 5.956819699999842
24153.999 5.8707116
24156.001 5.8135223
24163.999 5.3637889
24166.001 5.4986491
24173.999 5.9290845
24176.001 5.9780427
24192.000000000004 6.0108900999999575
24200.0 6.028008
24223.999 5.9880261
24226.001 6.0181366
24236.001 6.0027257
24263.999 5.9599529
24276.001 5.9538754
24293.999 5.9199825
24300.0 5.8818196
24302.000000000004 5.84419149999989
24306.001 5.7208352
24312.000000000004 5.384251799999777
24313.999 5.2615658
24316.001 5.472878
24323.999 5.8040696
24330.0 5.8652526
24348.0 5.8998967
24378.0 5.8789059
24412.000000000004 5.840554999999979
24423.999 5.8358814
24436.001 5.8319417
24450.0 5.7860108
24453.999 5.8023503
24470.0 5.6364568
24472.000000000004 5.660328699999994
24480.0 5.518233
24490.0 5.0083966
24492.000000000004 5.027235700000246
24500.0 5.5738089
24506.001 5.6728566
24510.0 5.6882039
24513.999 5.7113917
24528.0 5.7237113
24536.001 5.7118295
24553.999 5.7077483
24572.000000000004 5.691393400000003
24573.999 5.6928204
24578.0 5.7007484
24600.0 5.6651324
24610.0 5.654616
24623.999000000003 5.640743600000006
24642.000000000004 5.636807799999985
24650.0 5.6257839
24658.0 5.6157671
24660.0 5.6193983
24663.999000000003 5.618247199999982
24680.0 5.5407532
24683.999000000003 5.477282999999999
24690.0 5.4221465
24693.999000000003 5.252365799999817
24696.001 5.1513325
24698.0 5.0550572
24700.0 4.9688889
24708.0 5.3832158
24712.000000000004 5.435151700000037
24720.0 5.5132927
24730.0 5.5434692
24742.000000000004 5.552677999999981
24758.0 5.5192536
24762.000000000004 5.525829100000004
24776.001 5.5397966
24788.0 5.4777185
24790.0 5.4003184
24803.999000000003 5.49935159999999
24813.999000000003 5.472669599999999
24820.0 5.4624825
24836.001 5.4576059
24840.0 5.4589369
24863.999000000003 5.445544500000005
24873.999000000003 5.427950799999989
24890.0 5.4219132
24903.999000000003 5.41358119999999
24922.000000000004 5.34997560000002
24933.999000000003 5.305450099999975
24940.0 5.2503392
24946.001 4.973348
24948.0 4.7781098
24952.000000000004 4.743711600000076
24956.001 4.8275306
24963.999000000003 5.201457800000064
24970.0 5.2786899
24982.000000000004 5.320758200000012
25002.000000000004 5.3007101000000265
25008.0 5.3261363
25013.999000000003 5.330157300000007
25043.999000000003 5.306929999999993
25063.999000000003 5.307582999999985
25068.0 5.2926275
25103.999000000003 5.279012899999975
25106.001 5.2651689
25122.000000000004 5.2323468999999845
25123.999000000003 5.224225899999961
25138.0 5.2118234
25140.0 5.2033563
25168.0 5.2123294
25170.0 5.2045683
25183.999000000003 5.1901806999999796
25223.999000000003 5.138978399999995
25236.001 5.0986987
25242.000000000004 5.043369499999978
25250.0 4.9506256
25253.999000000003 4.757726699999842
25258.0 4.5899895
25260.0 4.511923
25268.0 4.8526433
25276.001 4.98235
25290.0 5.0624684
25302.000000000004 5.086299599999991
25323.999000000003 5.0815749999999875
25352.000000000004 5.078440299999999
25378.0 5.0573121
25390.0 5.055787
25400.0 5.0421602
25420.0 5.0293133
25446.001 5.0001984
25450.0 5.0100165
25453.999000000003 5.0148209
25472.000000000004 4.949786500000021
25480.0 4.9499803
25483.999000000003 4.961860599999988
25493.999000000003 4.973832199999994
25523.999000000003 4.930165099999972
25526.001 4.9148466
25528.0 4.9396573
25530.0 4.9453228
25586.001 4.8851366
25590.0 4.8897488
25616.001 4.827719
25630.0 4.7100658
25633.999000000003 4.621727699999833
25643.999000000003 4.200461100000036
25646.001 4.2199214
25648.0 4.4072225
25652.000000000004 4.6112033000000805
25658.0 4.7124592
25668.0 4.778114
25676.001 4.7979173
25678.0 4.8032593
25710.0 4.7981679
25728.0 4.8019982
25770.0 4.7848618
25802.000000000004 4.758636400000007
25822.000000000004 4.707319000000037
25823.999000000003 4.7277880000000065
25826.001 4.7310132
25838.0 4.7199237
25868.0 4.7104022
25913.999000000003 4.6819047000000085
25920.0 4.6793271
25960.0 4.6484469
26008.0 4.6148145
26016.001 4.6131489
26080.0 4.5462172
26100.0 4.4859627
26110.0 4.4327169
26116.001 4.3466123
26120.0 4.1515294
26123.999000000003 3.920628299999863
26126.001 3.8450292
26128.0 3.9958652
26132.000000000004 4.112748000000262
26133.999000000003 4.256939400000166
26136.001 4.3486366
26143.999000000003 4.4157985000000135
26156.001 4.4640825
26186.001 4.4684795
26222.000000000004 4.429252699999988
26228.0 4.4019944
26243.999000000003 4.294379399999918
26252.000000000004 4.065657999999835
26256.001 3.932811
26258.0 3.837953
26268.0 4.1907969
26273.999000000003 4.28992870000003
26288.0 4.3645202
26300.0 4.3808643
26303.999000000003 4.391500000000003
26320.0 4.4014304
26376.001 4.3800674
26402.000000000004 4.364296600000002
26413.999000000003 4.363469699999996
26418.0 4.3569268
26496.001 4.3095567
26526.001 4.2876481
26553.999000000003 4.259335499999993
26562.000000000004 4.263217999999998
26628.0 4.2322974
26638.0 4.2209251
26682.000000000004 4.191670899999997
26686.001 4.187315
26708.0 4.154572
26730.0 4.0952951
26740.0 3.9870283
26746.001 3.8507143
26750.0 3.7326221
26752.000000000004 3.6565925000001185
26760.0 3.9538298
26766.001 4.0341773
26780.0 4.0879357
26812.000000000004 4.112555399999995
26858.0 4.0961434
26886.001 4.0788313
26962.000000000004 4.0378913999999915
26973.999000000003 4.0331050000000035
27068.0 3.982383
27100.0 3.9676343
27148.0 3.9410072
27150.0 3.9411718
27156.001 3.9356548
27166.001 3.929087
27190.0 3.9161201
27272.000000000004 3.8730816999999975
27273.999000000003 3.8717477000000002
27298.0 3.8581136
27410.0 3.8000775
27473.999000000003 3.765298699999994
27476.001 3.7620393
27520.0 3.7330303
27556.001 3.6722954
27568.0 3.5963491
27573.999000000003 3.5064148999998577
27582.000000000004 3.2196544000001186
27590.0 3.4701808
27596.001 3.574726
27603.999000000003 3.6292579000000122
27608.0 3.6445073
27642.000000000004 3.668681899999999
27680.0 3.6568699
27693.999000000003 3.6523762
27743.999000000003 3.6305747000000004
27780.0 3.6140856
27916.001 3.5496977
27988.0 3.5164636
28136.001 3.4469627
28142.000000000004 3.4447833999999977
28282.000000000004 3.381611399999994
28430.0 3.3174065
28616.001 3.231732
28672.000000000004 3.1966354999999975
28698.0 3.163621
28706.001 3.1430135
28713.999000000003 3.1043390999999714
28718.0 3.0754744
28730.0 2.8088324
28732.000000000004 2.8418488000001156
28733.999000000003 2.9054311000000967
28736.001 2.9587661
28740.0 3.0398553
28748.0 3.1051736
28768.0 3.1429611
28782.000000000004 3.1488837999999997
28833.999000000003 3.139420299999999
28840.0 3.1387051
28916.001 3.1098171
29078.0 3.0463785
29163.999000000003 3.010545500000002
29166.001 3.0114124
29252.000000000004 2.9792523999999982
29446.001 2.9046703
29692.000000000004 2.815971999999996
29922.000000000004 2.735434099999999
30266.001 2.6178705
30298.0 2.6060253
30318.0 2.5973151
30336.001 2.5876483
30353.999000000003 2.5730782999999957
30372.000000000004 2.5403364999999885
30376.001 2.5256827
30392.000000000004 2.297365900000034
30393.999000000003 2.3162964000000352
30396.001 2.3354709
30398.0 2.3957641
30406.001 2.5077448
30418.0 2.5338532
30446.001 2.5511981
30492.000000000004 2.5427680999999995
30538.0 2.5295792
30566.001 2.5211265
30706.001 2.4801541
30836.001 2.4415274
30843.999000000003 2.4378631999999985
30850.0 2.4346677
30968.0 2.4020885
31113.999000000003 2.3598415999999993
31132.000000000004 2.354938299999999
31170.0 2.3235879
31172.000000000004 2.332869300000014
31173.999000000003 2.3404129000000014
31176.001 2.3410976
31218.0 2.327802
31302.000000000004 2.3041948999999953
31416.001 2.2741334
31488.0 2.2544013
31558.0 2.2362207
31562.000000000004 2.234962799999998
31582.000000000004 2.2295603999999996
31778.0 2.1776266
31780.0 2.1760228
31782.000000000004 2.174874999999996
31788.0 2.1691286
31793.999000000003 2.170185300000003
31796.001 2.1718359
32228.0 2.0643755
32330.0 2.0384912
32382.000000000004 2.0272007999999984
32702.000000000004 1.9523107999999998
32870.0 1.9122176
32920.0 1.895283
32938.0 1.8821544
32948.0 1.8721718
32953.999 1.8560815
32972.0 1.7057971
32973.999 1.7412769
32976.001 1.7806915
32978.0 1.8063754
32986.001 1.8475106
33002.0 1.8706794
33010.0 1.8734431
33030.0 1.874748
33040.0 1.8742417
33058.0 1.8713457
33070.0 1.8699038
33266.001 1.8298851
33416.001 1.7979242
33426.001 1.7965863
33546.001 1.7728938
33812.0 1.7184413
33828.0 1.7160938
33992.0 1.6841037
34032.0 1.6788498
34082.0 1.6682316
34542.0 1.5851444
34812.0 1.5379367
34816.001 1.5357965
34818.0 1.533056
34820.0 1.5303167
34822.0 1.5044475
34823.999 1.4829762
34830.0 1.4378577
34840.0 1.5282622
34853.999 1.5317531
34866.001 1.5305836
34952.0 1.5161792
34998.0 1.502683
35000.0 1.4988085
35003.999 1.472664
35008.0 1.4463217
35010.0 1.3872938
35022.0 1.4944657
35030.0 1.5008053
35046.001 1.5001435
35108.0 1.4901313
35172.0 1.4797788
35200.0 1.4702488
35203.999 1.4684777
35210.0 1.458654
35218.0 1.3622557
35222.0 1.3894218
35223.999 1.4022714
35228.0 1.4440218
35232.0 1.4604811
35252.0 1.4660145
35378.0 1.4466186
35426.001 1.4384829
35438.0 1.4340715
35446.001 1.4278204
35463.999 1.3088782
35466.001 1.3577308
35468.0 1.3809954
35473.999 1.4216578
35476.001 1.4235161
35516.001 1.4254069
35688.0 1.3988006
35712.0 1.3909079
35720.0 1.3873045
35730.0 1.3735944
35733.999 1.3341383
35736.001 1.3108303
35738.0 1.2953922
35756.001 1.3771496
35762.0 1.3827596
35770.0 1.3827091
35813.999 1.3800508
35960.0 1.3592387
36046.001 1.3407604
36048.0 1.3387591
36052.0 1.3349831
36070.0 1.239319
36080.0 1.3166458
36090.0 1.3322341
36096.001 1.3349399
36126.001 1.3345234
36333.999 1.3063302
36436.001 1.2849889
36446.001 1.2711555
36452.0 1.2290454
36456.001 1.1674087
36458.0 1.1594966
36476.001 1.2732526
36493.999 1.2806624
36550.0 1.276288
36746.001 1.2511645
36892.0 1.2264889
36903.999 1.2218521
36910.0 1.2120512
36928.0 1.132949
36930.0 1.1524277
36948.0 1.2142957
36958.0 1.2178569
36983.999 1.2183119
37178.0 1.1961594
37322.0 1.1764854
37343.999 1.1696986
37370.0 1.1641631
37383.999 1.1540369
37392.0 1.1414071
37396.001 1.1303933
37402.0 1.0793554
37426.001 1.1476603
37452.0 1.1550963
37472.0 1.1477034
37476.001 1.1455589
37496.001 1.0794015
37498.0 1.0889265
37502.0 1.1146456
37510.0 1.1360337
37528.0 1.1476543
37592.0 1.1453072
37632.0 1.1409953
37730.0 1.1300758
38092.0 1.0888738
38172.0 1.0690595
38180.0 1.0567496
38186.001 1.0284735
38193.999 0.9715748
38198.0 0.99589675
38202.0 1.0337375
38206.001 1.0476448
38216.001 1.0639166
38226.001 1.0678695
38233.999 1.0689708
38296.001 1.0667265
38938.0 1.0007433
39013.999 0.99187011
39048.0 0.98280506
39062.0 0.96569641
39066.001 0.94196782
39070.0 0.91092721
39096.001 0.97337244
39116.001 0.97923625
39153.999 0.97872998
39286.001 0.96743152
39856.001 0.91475357
40138.0 0.88951826
40180.0 0.87989735
40196.001 0.8652201
40200.0 0.84883459
40203.999 0.82230263
40230.0 0.87234621
40252.0 0.8775544
40283.999 0.87689869
40423.999 0.8655046
40483.999 0.8547196
40490.0 0.8522201
40500.0 0.84633587
40526.001 0.76701278
40528.0 0.78613048
40546.001 0.84209542
40552.0 0.84572217
40558.0 0.84820545
40610.0 0.84986794
40866.001 0.83098899
41632.002 0.77251256
41680.0 0.76407598
41693.999 0.75237552
41700.0 0.73275841
41703.999 0.71032508
41727.998 0.75789641
41746.001 0.76190185
41787.998 0.7615938
41913.999 0.75365668
42503.999 0.71389802
42757.998 0.69802377
42847.998 0.69226979
42902.002 0.68890174
42923.999 0.68745238
42936.001 0.68656358
42957.998 0.64349111
42966.001 0.65202256
42973.999 0.66435159
43022.002 0.6635612
43037.998 0.67089216
43042.002 0.66994298
43070.0 0.66889543
43133.999 0.66491728
43192.002 0.66510413
43202.002 0.6647968
43267.998 0.66064551
43292.002 0.65992721
43316.001 0.65687877
43332.002 0.65877185
43342.002 0.65134699
43343.999 0.65742992
43357.998 0.65646957
43412.002 0.64967553
43442.002 0.64872222
43453.999 0.64975965
43482.002 0.6447693
43490.0 0.65255923
43497.998 0.64902154
43510.0 0.58226762
43512.002 0.60817404
43516.001 0.61895304
43540.0 0.62026058
43543.999 0.628332
43546.001 0.63233701
43563.999 0.63246866
43583.999 0.63682651
43610.0 0.62863731
43620.0 0.62968951
43622.002 0.6281308
43642.002 0.62129398
43666.001 0.62852523
43676.001 0.62378609
43680.0 0.62692225
43700.0 0.62592502
43726.001 0.62005167
43727.998 0.62767676
43752.002 0.60835595
43757.998 0.60691312
43760.0 0.59751863
43762.002 0.58757322
43770.0 0.60281377
43790.0 0.61153624
43802.002 0.6281026
43803.999 0.62524892
43807.998 0.61733026
43833.999 0.62275384
43842.002 0.63099916
43863.999 0.60760821
43866.001 0.61862308
43896.001 0.62275183
43897.998 0.61633648
43912.002 0.61926013
43917.998 0.62749336
43943.999 0.60072827
43946.001 0.60733761
43966.001 0.61268177
43992.002 0.60515691
43993.999 0.61088086
44002.002 0.62299168
44017.998 0.60960004
44046.001 0.61733837
44053.999 0.60160277
44060.0 0.61516107
44077.998 0.55485228
44087.998 0.57859104
44097.998 0.5971807
44120.0 0.5674603
44122.002 0.58846125
44123.999 0.59592045
44126.001 0.60162814
44146.001 0.59489813
44147.998 0.58455945
44176.001 0.60456926
44187.998 0.59131661
44203.999 0.58198787
44206.001 0.56852228
44236.001 0.60675188
44242.002 0.59763906
44263.999 0.59671597
44276.001 0.60249133
44283.999 0.59249226
44286.001 0.58877975
44292.002 0.57999709
44320.0 0.59190906
44356.001 0.58715889
44362.002 0.58866494
44383.999 0.59852766
44396.001 0.58478222
44400.0 0.57789413
44430.0 0.60012272
44436.001 0.58961944
44437.998 0.58622818
44453.999 0.57513973
44456.001 0.58162366
44467.998 0.58144501
44472.002 0.59233053
44500.0 0.56465055
44506.001 0.57674424
44507.998 0.57987609
44520.0 0.57996342
44527.998 0.57631461
44547.998 0.56920029
44567.998 0.58692014
44572.002 0.57529359
44600.0 0.58964145
44603.999 0.57689747
44607.998 0.55790922
44637.998 0.57526352
44666.001 0.51443824
44672.002 0.54086757
44676.001 0.55352652
44683.999 0.57506079
44690.0 0.57884806
44713.999 0.52906567
44720.0 0.53402245
44722.002 0.55086266
44723.999 0.55926256
44737.998 0.56707916
44762.002 0.56203255
44767.998 0.55916218
44773.999 0.54760382
44783.999 0.56328344
44807.998 0.55401797
44827.998 0.56419656
44830.0 0.56087229
44833.999 0.56299348
44857.998 0.55571974
44870.0 0.56479337
44877.998 0.57233492
44896.001 0.53324895
44902.002 0.54256857
44903.999 0.55003046
44907.998 0.56117343
44943.999 0.55531697
44946.001 0.54554407
44952.002 0.50327273
44957.998 0.54642237
44963.999 0.55129464
44970.0 0.55557893
44972.002 0.55864171
45000.0 0.55067356
45003.999 0.52930792
45023.999 0.5694846
45042.002 0.56238266
45047.998 0.55118016
45066.001 0.54280569
45070.0 0.54444545
45072.002 0.54887711
45073.999 0.55816029
45107.998 0.54799983
45113.999 0.54564148
45140.0 0.53856994
45142.002 0.54890287
45190.0 0.54738545
45197.998 0.54959071
45212.002 0.54280142
45227.998 0.54302808
45232.002 0.5522008
45260.0 0.5198835
45262.002 0.52861906
45263.999 0.53061675
45267.998 0.52459808
45273.999 0.48094615
45283.999 0.53840323
45302.002 0.55260573
45313.999 0.53162022
45316.001 0.51542584
45317.998 0.51093624
45346.001 0.54032663
45357.998 0.54590631
45370.0 0.53033517
45382.002 0.52644368
45393.999 0.52891363
45396.001 0.53699478
45413.999 0.5300571
45416.001 0.51905921
45433.999 0.54411783
45442.002 0.53545272
45443.999 0.52828828
45446.001 0.52431943
45460.0 0.50113322
45472.002 0.52798877
45473.999 0.52992416
45482.002 0.54505919
45510.0 0.52632954
45512.002 0.52428221
45517.998 0.50350821
45537.998 0.52741128
45547.998 0.53724916
45576.001 0.51850709
45583.999 0.52357998
45600.0 0.53301188
45603.999 0.54218249
45630.0 0.50535799
45632.002 0.51225092
45633.999 0.52019203
45656.001 0.52871177
45657.998 0.52190689
45672.002 0.51876674
45692.002 0.52068841
45703.999 0.52053782
45713.999 0.52240544
45727.998 0.51313473
45747.998 0.53227339
45752.002 0.52116648
45780.0 0.52936695
45783.999 0.5219537
45786.001 0.51804
45796.001 0.50667857
45816.001 0.52327073
45826.001 0.51291694
45827.998 0.5171384
45850.0 0.49847335
45860.0 0.50005229
45882.002 0.49647984
45883.999 0.50275907
45887.998 0.48982848
45892.002 0.47900933
45913.999 0.52481491
45922.002 0.52357149
45927.998 0.50963134
45957.998 0.48249541
45966.001 0.50374686
45992.002 0.50794621
45996.001 0.50341018
46013.999 0.50156481
46017.998 0.4800164
46033.999 0.51502173
46047.998 0.50122809
46057.998 0.51884895
46063.999 0.52126964
46092.002 0.47143445
46093.999 0.48162613
46112.002 0.51709351
46123.999 0.49754988
46152.002 0.4936746
46176.001 0.49724854
46180.0 0.50277821
46197.998 0.49719636
46200.0 0.4891483
46226.001 0.50209506
46236.001 0.50076992
46260.0 0.49215752
46262.002 0.49477514
46287.998 0.51177894
46293.999 0.49748369
46306.001 0.49300728
46312.002 0.49803072
46340.0 0.48989428
46360.0 0.49941884
46362.002 0.4944316
46376.001 0.49004588
46387.998 0.48429411
46420.0 0.4942517
46432.002 0.48898116
46433.999 0.49196841
46476.001 0.49206476
46477.998 0.48101776
46482.002 0.46110775
46516.001 0.49024525
46520.0 0.47942941
46522.002 0.47064896
46530.0 0.46238345
46533.999 0.44102663
46562.002 0.49286551
46580.0 0.48136859
46596.001 0.4640303
46597.998 0.44464997
46622.002 0.49681608
46632.002 0.48203921
46646.001 0.48179318
46652.002 0.48916758
46672.002 0.46035104
46673.999 0.47025381
46677.998 0.47793895
46713.999 0.48069287
46716.001 0.47626332
46717.998 0.47196954
46720.0 0.46235098
46723.999 0.44631789
46760.0 0.48598106
46766.001 0.47984403
46806.001 0.47766577
46833.999 0.47759402
46847.998 0.4712368
46880.0 0.48244208
46892.002 0.47942356
46897.998 0.47090655
46937.998 0.48336833
46946.001 0.46812913
46963.999 0.46357775
46976.001 0.47915014
46986.001 0.45853483
46992.002 0.44710827
46996.001 0.45947864
47007.998 0.478776
47032.002 0.46241361
47060.0 0.47557231
47090.0 0.46290487
47092.002 0.4696474
47093.999 0.47335851
47142.002 0.45338655
47143.999 0.46148539
47147.998 0.47159425
47163.999 0.47198503
47190.0 0.4385022
47200.0 0.44973117
47203.999 0.45573151
47212.002 0.47068713
47240.0 0.45934584
47256.001 0.45694577
47260.0 0.43731796
47282.002 0.4704821
47287.998 0.46001465
47302.002 0.4669424
47312.002 0.46933974
47342.002 0.43092233
47346.001 0.44925027
47367.998 0.4678982
47390.0 0.45767371
47393.999 0.45498631
47397.998 0.45169446
47400.0 0.4510505
47427.998 0.45434944
47432.002 0.46276046
47460.0 0.45413401
47497.998 0.45707929
47500.0 0.45220486
47520.0 0.45246216
47523.999 0.45344995
47550.0 0.45140008
47606.001 0.448971
47610.0 0.4550511
47633.999 0.42734018
47640.0 0.43925124
47662.002 0.44346656
47666.001 0.4447341
47676.001 0.4480174
47687.998 0.44612739
47727.998 0.44343399
47773.999 0.44008124
47782.002 0.43950481
47797.998 0.43292625
47827.998 0.4435938
47836.001 0.43693443
47842.002 0.44628455
47870.0 0.41397905
47873.999 0.42514725
47876.001 0.4345674
47886.001 0.44452609
47896.001 0.44879853
47946.001 0.41743971
47947.998 0.42086891
47956.001 0.42969968
47966.001 0.430528
47967.998 0.43359069
47990.0 0.4457921
48002.002 0.43030475
48010.0 0.42431629
48016.001 0.41622699
48017.998 0.41436076
48066.001 0.43799627
48077.998 0.43581432
48103.999 0.43078022
48113.999 0.4376545
48140.0 0.4133923
48146.001 0.42805095
48147.998 0.43273148
48152.002 0.43625685
48207.998 0.42911979
48217.998 0.43686776
48243.999 0.41037777
48246.001 0.41982664
48247.998 0.42162903
48276.001 0.42471738
48287.998 0.42735452
48330.0 0.42209588
48332.002 0.41697738
48366.001 0.42985488
48370.0 0.42479839
48410.0 0.42577476
48413.999 0.42149033
48422.002 0.42833373
48443.999 0.40454288
48446.001 0.41207287
48447.998 0.42134765
48480.0 0.39746623
48482.002 0.40768087
48486.001 0.41461706
48502.002 0.41927352
48506.001 0.42166069
48547.998 0.41128565
48567.998 0.40861091
48570.0 0.41721252
48583.999 0.42471465
48612.002 0.42009124
48657.998 0.39981276
48660.0 0.40399599
48662.002 0.41106364
48670.0 0.42179833
48697.998 0.41039513
48702.002 0.4122484
48727.998 0.41212659
48766.001 0.39585899
48767.998 0.40165752
48792.002 0.40624858
48823.999 0.40280826
48826.001 0.39450807
48827.998 0.38737486
48880.0 0.41154823
48886.001 0.40693374
48907.998 0.4055864
48910.0 0.40894323
48913.999 0.41237056
48956.001 0.40054039
48960.0 0.40879071
48986.001 0.39401123
48990.0 0.39975319
49026.001 0.40095287
49027.998 0.39903468
49057.998 0.39797694
49073.999 0.40232669
49076.001 0.40010193
49077.998 0.39902134
49112.002 0.40088596
49152.002 0.387392
49177.99800000001 0.40246648999999135
49192.002 0.38989114
49210.0 0.38857055
49227.99800000001 0.3920848099999864
49243.999 0.39190808
49250.0 0.3889532
49253.999 0.38526742
49257.99800000001 0.38298142000000157
49266.001 0.37852901
49306.001 0.39441086
49337.99800000001 0.3964745599999907
49342.002 0.39028554
49347.99800000001 0.3843321400000104
49353.999 0.38334572
49406.001 0.39469864
49410.0 0.39127405
49440.0 0.38672339
49472.002 0.38554292
49492.002 0.38329438
49493.999 0.38617907
49496.001 0.38938122
49497.99800000001 0.3922222400000049
49542.002 0.38488275
49583.999 0.380048
49623.999 0.3812349
49633.999 0.38817666
49636.001 0.38892162
49673.999 0.37224519
49700.0 0.37539488
49716.001 0.36522528
49720.0 0.36660829
49722.002 0.37293249
49723.999 0.37565296
49732.002 0.38332488
49757.99800000001 0.38497850000000233
49767.99800000001 0.3857643799999953
49792.002 0.35890686
49796.001 0.37091588
49822.002 0.37499525
49863.999 0.37855361
49873.999 0.38323299
49907.99800000001 0.361480739999974
49923.999 0.36739471
49930.0 0.37066186
49980.0 0.37991182
49992.002 0.37171521
50022.002 0.36762703
50053.999 0.37769143
50060.0 0.3683502
50083.999 0.3685688
50130.0 0.36643071
50160.0 0.36383518
50180.0 0.35669942
50206.001 0.36932499
50207.99800000001 0.3646698599999766
50222.002 0.36189193
50226.001 0.36311937
50246.001 0.35926884
50266.001 0.35350326
50306.001 0.36079777
50317.99800000001 0.3605570499999861
50320.0 0.35674736
50333.999 0.36402803
50376.001 0.36291801
50380.0 0.36749001
50433.999 0.34355864
50436.001 0.35217102
50440.0 0.35925354
50442.002 0.3640934
50522.002 0.36318359
50530.0 0.35403706
50532.002 0.34183862
50536.001 0.33962303
50542.002 0.3307078
50563.999 0.36286526
50573.999 0.35678067
50620.0 0.36210598
50642.002 0.35870824
50646.001 0.35272002
50673.999 0.32567743
50680.0 0.34973918
50706.001 0.35007564
50722.002 0.35835486
50786.001 0.34692264
50822.002 0.35155075
50826.001 0.34625535
50857.99800000001 0.3546076599999983
50872.002 0.34449562
50886.001 0.34033392
50910.0 0.33528191
50913.999 0.32838085
50946.001 0.34820987
50962.002 0.3453576
50990.0 0.34389693
50993.999 0.34695533
51036.001 0.34722045
51047.99800000001 0.3374147299999619
51050.0 0.32693856
51072.002 0.34101769
51080.0 0.3367904
51120.0 0.34460055
51133.999 0.33713975
51167.99800000001 0.346804249999998
51177.99800000001 0.3329671599999804
51180.0 0.32757092
51193.999 0.3263881
51223.999 0.34215269
51267.99800000001 0.34012516999999765
51277.99800000001 0.3333633799999927
51282.002 0.32732771
51312.002 0.32665589
51313.999 0.31930417
51320.0 0.31656936
51323.999 0.30149609
51347.99800000001 0.3338155000000015
51383.999 0.34101395
51416.001 0.33931791
51426.001 0.3308066
51437.99800000001 0.3293281799999904
51442.002 0.31787335
51486.001 0.33534702
51497.99800000001 0.3291052400000134
51500.0 0.33279314
51503.999 0.33754758
51563.999 0.32814452
51590.0 0.31793855
51592.002 0.32356046
51610.0 0.32622729
51626.001 0.32968448
51632.002 0.33437141
51697.99800000001 0.3184949600000208
51723.999 0.32054401
51752.002 0.32266406
51823.999 0.32513083
51857.99800000001 0.30991162000001626
51862.002 0.32005127
51876.001 0.31437659
51913.999 0.32655249
51927.99800000001 0.31920530000000585
51937.99800000001 0.3268915400000011
51962.002 0.32644776
52003.999 0.30356265
52007.99800000001 0.314133100000025
52042.002 0.31654612
52100.0 0.32357524
52107.99800000001 0.31628921999999593
52133.999 0.28889155
52142.002 0.31109803
52143.999 0.31431105
52150.0 0.32112562
52182.002 0.31103053
52212.002 0.31872478
52230.0 0.31331564
52242.002 0.31272856
52252.002 0.30517948
52306.001 0.31226634
52342.002 0.31064793
52390.0 0.30883441
52392.002 0.30319086
52416.001 0.30419296
52452.002 0.31123875
52466.001 0.30759205
52467.99800000001 0.305418559999969
52490.0 0.30687864
52496.001 0.31283923
52540.0 0.30008421
52556.001 0.3022999
52580.0 0.30234712
52593.999 0.31113443
52627.99800000001 0.2964682999999844
52666.001 0.2994955
52683.999 0.30030713
52700.0 0.30042332
52702.002 0.30151765
52746.001 0.30225695
52747.99800000001 0.307408960000003
52802.002 0.29995091
52823.999 0.28305058
52826.001 0.29287225
52853.999 0.2979432
52890.0 0.30533984
52903.999 0.30482131
52957.99800000001 0.28381803999997046
52966.001 0.2906843
52970.0 0.29511772
53016.001 0.29595882
53017.99800000001 0.301180220000003
53037.99800000001 0.30116803999999825
53096.001 0.28588742
53097.99800000001 0.2911334300000187
53133.999 0.29473006
53156.001 0.29050637
53196.001 0.29226313
53197.99800000001 0.29402634000000977
53206.001 0.29800054
53242.002 0.28386719
53263.999 0.28672483
53266.001 0.29013514
53307.99800000001 0.2879393299999847
53357.99800000001 0.29487254999999946
53363.999 0.29182425
53366.001 0.28755464
53390.0 0.28648685
53393.999 0.27548817
53432.002 0.29281153
53453.999 0.28696151
53506.001 0.28464127
53510.0 0.28099287
53512.002 0.27757148
53536.001 0.28163611
53563.999 0.28285924
53586.001 0.28680878
53646.001 0.28267018
53647.99800000001 0.2795694299999758
53660.0 0.27690644
53673.999 0.28109008
53677.99800000001 0.285650909999998
53723.999 0.27958401
53760.0 0.28472062
53770.0 0.28107598
53776.001 0.27926904
53777.99800000001 0.2750197899999842
53782.002 0.26555386
53837.99800000001 0.2822386099999929
53847.99800000001 0.2784603800000093
53910.0 0.27815015
53950.0 0.27331041
53973.999 0.27364712
53976.001 0.2753746
53983.999 0.27642795
54040.0 0.27525606
54082.002 0.27615937
54093.999 0.27313073
54110.0 0.27067287
54152.002 0.27763628
54186.001 0.27224874
54256.001 0.27043295
54262.002 0.26566441
54302.002 0.27420525
54367.99800000001 0.2734998799999943
54372.002 0.26932094
54373.999 0.26804088
54376.001 0.26342644
54380.0 0.26127214
54382.002 0.25881996
54397.99800000001 0.2642812800000201
54402.002 0.27183374
54442.002 0.26543566
54486.001 0.27191163
54493.999 0.26928269
54542.002 0.25727538
54546.001 0.26449641
54547.99800000001 0.26471468000000026
54550.0 0.26478657
54577.99800000001 0.26391658999999434
54606.001 0.26481446
54612.002 0.26904148
54682.002 0.26043353
54717.99800000001 0.26156774000000266
54787.99800000001 0.2626395300000044
54830.0 0.25058755
54832.002 0.25724113
54846.001 0.26045914
54886.001 0.26110231
54896.001 0.25891341
54946.001 0.2587196
54947.99800000001 0.2609642600000041
55010.0 0.25154584
55013.999 0.25408773
55016.001 0.2568957
55020.0 0.25966557
55022.002 0.26068693
55056.001 0.25705886
55066.001 0.2541919
55096.001 0.26017841
55122.002 0.2522538
55130.0 0.25410034
55187.99800000001 0.255559550000002
55210.0 0.2576752
55260.0 0.24247573
55290.0 0.24435946
55292.002 0.25110599
55323.999 0.25026655
55382.002 0.25476104
55410.0 0.24978714
55416.001 0.24916013
55432.002 0.24497855
55496.001 0.2483562
55522.002 0.25108187
55580.0 0.24540012
55647.99800000001 0.24424343999999842
55686.001 0.24562383
55687.99800000001 0.24598584000001028
55690.0 0.24880877
55736.001 0.24424325
55810.0 0.24315158
55887.99800000001 0.24221794000000688
55960.0 0.24260097
56027.99800000001 0.23929214999997692
56080.0 0.23928906
56127.99800000001 0.24215174999999975
56173.999 0.23711598
56220.0 0.23664792
56222.002 0.2384968
56300.0 0.23827974
56377.99800000001 0.2333805800000101
56390.0 0.23349954
56492.002 0.23523268
56493.999 0.2328122
56496.001 0.23007845
56523.999 0.23226042
56616.001 0.23023844
56660.0 0.22850924
56683.999 0.22710933
56736.001 0.23217728
56747.99800000001 0.22477241999998654
56756.001 0.21600419
56767.99800000001 0.22139816000001541
56802.002 0.22333853
56866.001 0.22511332
56867.99800000001 0.22827409000000423
56897.99800000001 0.2293302200000009
56960.0 0.22346562
57012.002 0.22758545
57043.999 0.22394954
57050.0 0.22694962
57132.002 0.2187603
57170.0 0.22129324
57242.002 0.22387046
57317.99800000001 0.21986696000000072
57343.999 0.21887466
57447.99800000001 0.21941835999999673
57482.002 0.217818
57526.001 0.21697702
57540.0 0.21645979
57593.999 0.21628121
57596.001 0.21797675
57697.99800000001 0.21657859000000043
57746.001 0.21204266
57756.001 0.21356002
57902.002 0.21340806
57912.002 0.21224162
57973.999 0.21105614
58022.002 0.21084504
58032.002 0.21264739
58160.0 0.20687065
58163.999 0.20873727
58200.0 0.2083633
58223.999 0.20969311
58363.999 0.20563805
58523.999 0.20501551
58526.001 0.20353776
58612.002 0.20257213
58640.0 0.20259157
58752.002 0.2005183
58903.999 0.20016348
58906.001 0.19920893
59007.99800000001 0.19719810000000026
59067.99800000001 0.19564113999999785
59072.002 0.19397888
59073.999 0.19281949
59102.002 0.19447199
59256.001 0.19545573
59273.999 0.19462479
59476.001 0.19163989
59523.999 0.19216508
59577.99800000001 0.1850675100000039
59586.001 0.18951904
59590.0 0.18992722
59716.001 0.18877753
59767.99800000001 0.18813892999999482
59876.001 0.18699437
60006.001 0.18523889
60166.001 0.18376262
60167.99800000001 0.18351114999999682
60230.0 0.18272397
60232.002 0.18285185
60470.0 0.1800605
60563.999 0.1790611
60682.002 0.1774149
60713.999 0.17727936
60812.002 0.17616459
60880.0 0.17533531
60937.99800000001 0.17481580000000063
61077.99800000001 0.1731526699999968
61146.001 0.17261307
61546.001 0.16833574
61870.0 0.16498504
61990.0 0.16361072
62040.0 0.16322984
62172.002 0.1618189
62536.001 0.15830236
62853.999 0.15519044
62856.001 0.15504408
62857.99800000001 0.15486202000000018
62862.002 0.15452624
62866.001 0.15436488
63152.002 0.15222115
64187.99800000001 0.14333233999999992
64933.999 0.13658828
65020.0 0.1354246
65042.002 0.13558958
65057.99800000001 0.13562262000000064
66302.002 0.12598452
66402.002 0.12501437
66406.001 0.12519223
67267.998 0.11887532
67687.998 0.11594371
67693.99900000001 0.11573410999999957
67816.001 0.11516721
69416.001 0.10529795
69442.002 0.1049514
69450.0 0.10460065
69456.001 0.10377715
69457.998 0.10273108
69467.998 0.097967362
69473.99900000001 0.10124489000001151
69476.001 0.10282891
69477.998 0.10361985
69482.002 0.1043048
69487.998 0.10452669
69516.001 0.10468236
70980.0 0.096489085
72743.99900000001 0.08744008200000009
73132.002 0.085853253
74990.0 0.077474601
76470.0 0.07202751
77837.998 0.06705453
79476.001 0.061900937
81506.001 0.055963268
82824.004 0.052610119
83925.996 0.049934408
84817.998 0.047868555
87192.002 0.042724276
87194.004 0.042570213
87195.996 0.042291708
87197.998 0.041895317
87205.996 0.040658592
87210.0 0.041373729
87214.004 0.042240223
87215.996 0.042577254
87217.998 0.042713422
90520.0 0.037040178
92660.0 0.033740778
95485.996 0.030015005
97497.998 0.02762618
98497.998 0.026501555
102598.00000000001 0.022456850999999566
102602.0 0.022293234
102608.00000000001 0.021735474999998842
102620.0 0.022144128
102622.0 0.022293672
102626.0 0.022438702
106104.00000000001 0.019774753000000016
108244.00000000001 0.018263522000000046
110314.00000000001 0.016920683999999853
112258.00000000001 0.015828673999999994
114936.0 0.014380216
121556.0 0.011460146
121558.00000000001 0.01138778599999886
121566.0 0.010987192
121572.0 0.011205867
121576.0 0.011379723
121580.0 0.011462982
128536.0 0.0092546183
132008.0 0.0083262888
139650.0 0.006615237
139668.0 0.0065238211
139672.0 0.0066157916
146100.0 0.0055672416
148756.0 0.0051743746
158160.0 0.0039836665
158168.0 0.003905171
158176.0 0.003981207
168824.0 0.0031187471
174226.00000000003 0.0027493341000000174
186898.01000000004 0.002022275400000001
186904.0 0.002032816
200404.0 0.0015710795
208210.0 0.0013340475
222598.01000000004 0.0010314207999999995
232056.00000000003 0.0008692297800000178
259876.00000000003 0.0005366757699996974
259878.01000000004 0.0005157778699995546
259888.01000000004 0.0005361239000001641
288294.0 0.00036863113
302764.0 0.00029945557
348136.0200000001 0.00014929917999946358
348140.0 0.00011621799
348143.98 0.00013368315
348146.0200000001 0.00015091144000033355
348148.01 0.0001623151
394748.01000000007 0.0001027717000000046
422740.0 7.8584719e-05
462241.99 5.4585841e-05
494856.0200000001 4.3734508000001594e-05
512993.98 3.56009e-05
631840.0 1.1474575e-05
631851.99 3.1364016e-06
631860.0 7.6353532e-06
631861.99 9.6727957e-06
631863.98 1.1523506e-05
873832.03 4.1405319e-06
967726.0200000001 2.778313300000072e-06
1127500.1 1.5122671e-06
1709085.6000000003 2.8273994e-07
2999932.9 2.162002e-08
